0.27111111111111114
0.4
0.6383928571428572
0.5
0.2875
0.125
0.11666666666666665
0.025
0.5555555555555555
0.21354166666666666
0.1285714285714286
0.26666666666666666
0.0
0.7
1.0
0.16666666666666666
0.1
0.3333333333333333
0.0
0.4302469135802469
0.0
0.0
0.11666666666666665
0.3333333333333333
0.6507936507936507
0.13888888888888887
0.12169312169312169
0.0
0.34259259259259256
0.047619047619047616
0.0
0.125
0.6388888888888888
0.0787037037037037
0.0
0.16666666666666666
0.05
0.0
0.11666666666666665
0.03333333333333333
0.6666666666666666
0.18214285714285713
0.4583333333333333
0.0
0.05
0.36476190476190473
0.26674603174603173
0.19166666666666665
0.5
0.16666666666666666
0.4572222222222222
0.41666666666666663
0.13999999999999999
0.05555555555555555
0.25
0.07222222222222222
0.016666666666666666
0.07698412698412699
0.0
0.6142857142857142
0.4
0.0
0.0
0.5
0.40499999999999997
0.05
0.7621031746031746
0.06666666666666667
0.025
0.025
0.0
0.05
0.4680952380952381
0.0
0.06666666666666667
0.02040816326530612
0.18472222222222223
0.5555555555555555
0.03333333333333333
0.0
0.41666666666666663
0.3333333333333333
0.05
0.3
0.125
0.5833333333333333
0.0
0.6496031746031746
0.05555555555555555
0.07857142857142857
0.2
0.38416666666666666
0.5
0.4291666666666666
0.5
0.33936507936507937
0.13333333333333333
0.0
0.15476190476190477
0.1111111111111111
0.6958333333333333
0.3333333333333333
0.0
0.10666666666666666
0.4833333333333333
0.26666666666666666
0.14200680272108843
0.682142857142857
0.0
0.25
0.10714285714285714
0.25
0.35
0.0
0.0
0.05
0.0
0.16666666666666666
1.0
0.33024691358024694
0.4404761904761904
0.1402116402116402
0.0
0.0
0.11666666666666665
0.20833333333333331
0.06666666666666667
0.0
0.3880952380952381
0.3416666666666667
0.08958333333333332
0.4258333333333333
0.04642857142857143
0.16666666666666666
0.5208333333333333
0.3333333333333333
0.1625
0.0625
0.0
0.13888888888888887
0.05555555555555555
0.125
0.6428571428571428
0.35000000000000003
0.3197278911564626
0.8333333333333333
0.16666666666666666
0.25
0.22730158730158728
0.5833333333333333
0.0
0.0
0.2523809523809524
0.6428571428571428
0.16666666666666666
0.49071428571428566
0.33416666666666667
0.3020833333333333
0.08125
0.1
0.40277777777777773
0.1607142857142857
0.24444444444444446
0.39375
0.5833333333333333
0.0
0.5
0.1
0.29166666666666663
0.5694444444444444
0.6388888888888888
0.7333333333333333
1.0
0.06666666666666667
0.0
0.0
0.7
0.3214285714285714
0.29166666666666663
0.33095238095238094
0.24
0.5
0.38630952380952377
0.2857142857142857
0.6222222222222222
0.1775
0.0925925925925926
0.3071428571428571
0.015873015873015872
0.3333333333333333
0.03428571428571429
0.5666666666666667
0.748015873015873
0.041666666666666664
0.041666666666666664
0.1
0.5555555555555555
0.19642857142857142
0.05
0.1111111111111111
0.25
0.14666666666666667
0.10222222222222221
0.016666666666666666
0.75
0.15
0.15
0.5097222222222222
0.01
0.27777777777777773
0.01
0.4958333333333333
0.4175
0.125
0.0
0.0
0.22666666666666666
0.15
0.0
0.10833333333333332
0.22999999999999998
0.5728395061728394
0.3988095238095238
0.017857142857142856
0.16666666666666666
